41.116
35.962
46.923
9.7106
26.41
39.976
16.606
34.525
11.722
23.764
27.719
30.9
42.129
32.532
14.11
19.927
41.143
25.457
30.13
17.065
51.358
46.055
19.465
8.7859
43.32
44.742
19.074
49.227
67.652
26.021
42.668
43.802
29.744
22.334
38.751
29.076
27.785
33.711
29.97
24.573
6.5518
28.958
18.409
16.731
24.644
24.339
32.527
38.251
25.338
28.924
22.648
60.307
30.367
22.028
36.093
36.847
66.399
17.765
34.364
8.8643
60.989
21.066
27.494
67.063
38.096
32.083
28.915
11.339
64.937
44.981
27.051
26.224
10.305
29.075
25.235
39.875
34.419
10.317
12.903
28.882
39.549
35.843
51.179
40.63
32.197
30.334
53.879
22.812
51.078
26.028
25.762
34.044
24.797
36.106
24.071
35.925
16.456
27.591
17.552
9.7974
38.323
33.3
12.826
16.466
19.81
11.091
24.884
33.192
69.561
41.569
30.996
72.361
7.2871
13.894
63.184
18.821
22.665
61.186
37.266
47.897
56.258
78.888
36.599
28.41
11.261
30.989
32.577
33.076
15.048
30.899
27.656
28.206
21.055
17.147
47.057
37.664
21.832
25.778
39.243
30.271
24.778
33.585
28.316
40.406
34.11
32.268
35.958
23.503
26.893
36.579
42.393
26.855
9.6086
14.613
34.771
29.038
56.967
36.928
38.923
41.281
38.273
49.781
17.281
28.822
47.116
25.205
21.237
25.985
36.524
35.105
24.41
45.618
31.857
26.886
9.3401
32.368
23.025
13.221
47.178
48.932
23.96
55.484
32.462
23.641
12.26
33.009
36.342
61.973
42.653
55.247
47.328
29.567
35.337
36.875
31.641
21.761
37.077
29.279
39.8
41.199
13.545
9.6013
27.934
46.373
29.586
10.397
63.077
46.953
12.066
60.032
34.684
12.302
17.129
46.921
33.892
32.763
43.217
29.008
34.437
33.621
65.118
40.026
63.032
23.881
32.538
39.082
20.926
17.618
40.499
64.501
15.207
11.43
29.485
32.061
33.44
36.488
39.283
30.749
29.34
32.264
25.667
44.937
41.034
16.593
46.201
36.476
63.111
15.73
21.383
63.497
48.67
12.967
39.646
51.191
31.888
39.933
25.518
22.067
17.018
34.721
41.687
23.633
36.043
19.883
32.486
39.36
44.153
15.208
30.838
8.3709
12.067
26.107
40.17
30.266
38.103
26.265
8.5429
53.693
38.27
34.15
20.648
51.132
36.684
65.266
53.124
15.949
44.398
30.451
20.539
24.161
6.8011
31.116
27.014
51.659
64.39
28.961
42.928
24.294
35.614
37.882
25.032
17.402
24.455
41.595
26.477
17.787
53.601
13.529
39.604
8.2884
7.9976
27.829
54.014
14.915
29.941
7.3228
38.433
43.977
40.042
14.808
35.968
28.986
30.217
42.567
30.797
39.601
36.635
43.335
36.847
25.221
32.362
22.796
33.177
39.07
34.465
29.523
20.117
22.275
23.572
43.35
33.346
45.028
27.403
35.39
24.993
7.9598
20.833
45.359
38.939
28.525
21.415
7.7087
44.898
15.627
18.982
9.251
22.757
11.527
16.452
45.567
52.616
30.737
24.314
21.489
20.87
38.516
10.728
33.414
29.775
23.223
16.135
28.51
25.763
23.377
24.985
44.672
31.362
24.343
53.806
20.775
40.351
36.811
17.729
20.423
28.733
54.145
56.706
18.284
24.1
17.512
36.362
58.912
39.306
36.951
23.953
25.511
30.033
6.8706
8.7568
41.924
57.862
22.479
24.244
34.206
32.869
40.382
19.965
34.077
8.4005
16.537
39.958
17.968
20.356
22.46
38.284
45.088
15.348
24.876
25.525
19.444
21.718
25.342
21.271
13.681
51.487
39.345
55.49
47.232
21.165
63.894
31.632
24.454
41.644
36.531
33.423
59.27
26.397
29.514
26.61
40.141
76.837
17.225
24.228
9.1479
31.275
37.612
30.271
7.1198
41.052
29.271
9.3661
41.007
53.389
48.398
8.652
7.9487
30.72
33.649
58.033
27.474
35.431
31.71
68.472
20.454
82.524
37.7
11.054
40.996
42.743
35.313
23.97
20.965
26.849
55.577
39.691
11.055
35.509
39.419
35.611
28.688
38.071
31.76
22.338
53.084
8.7879
44.857
40.266
29.776
53.531
57.033
28.999
26.688
15.09
42.097
58.291
50.791
28.45
35.238
25.809
33.303
35.066
31.649
27.432
34.614
47.143
22.618
51.53
9.2327
13.403
43.204
9.9915
31.883
45.275
26.457
25.291
47.327
56.736
45.702
27.84
43.411
23.145
39.335
21.273
25.173
50.587
27.073
67.466
24.174
67.151
25.758
37.161
30.576
38.439
27.526
38.669
19.791
28.986
24.244
9.1511
41.77
37.109
22.207
34.066
27.56
47.164
31.464
39.336
28.588
45.518
41.169
21.215
47.571
24.911
12.606
44.791
32.614
14.047
50.099
33.967
36.966
19.169
41.891
39.276
50.095
25.92
41.018
16.498
24.835
36.872
30.569
56.405
35.729
12.538
7.9052
20.996
30.526
27.766
47.69
31.458
31.489
26.054
43.35
46.334
25.512
31.97
23.103
27.902
20.289
20.165
24.232
26.198
49.754
33.647
13.526
34.157
24.369
58.445
39.998
36.668
25.196
15.458
29.029
30.342
44.896
13.781
32.689
60.766
39.061
26.276
11.792
49.914
21.387
38.046
41.707
33.855
33.078
31.808
25.453
14.265
33.091
48.647
23.292
59.175
39.552
24.779
33.397
46.402
36.674
29.349
49.826
26.94
27.96
42.706
38.313
16.286
43.161
18.292
19.655
8.5144
33.891
50.177
26.791
36.978
48.559
21.687
48.618
16.774
30.373
7.7718
31.667
35.376
25.947
23.887
29.702
18.712
26.043
31.392
37.741
52.093
36.263
24.413
28.901
42.62
26.932
39.534
50.608
31.635
40.695
45.359
41.234
75.823
12.837
28.627
31.384
21.699
30.734
9.7753
41.725
8.3954
31.92
28.193
42.573
28.185
22.389
41.654
32.118
31.723
26.485
34.884
40.774
28.553
11.818
31.845
39.191
30.457
32.46
21.243
43.754
8.5458
40.236
25.727
43.984
41.111
24.191
60.582
38.645
35.782
21.563
23.55
46.939
9.7666
14.835
40.997
43.582
36.006
40.762
38.368
37.967
33.652
52.392
17.243
37.924
54.246
23.772
32.364
36.265
30.699
23.716
16.877
41.06
33.164
35.987
40.848
52.036
59.775
33.422
28.318
41.61
17.273
41.439
28.56
26.096
32.044
60.547
19.676
55.136
20.838
10.118
31.395
37.262
21.213
36.152
28.473
24.254
17.601
23.401
72.344
35.773
49.224
46.66
40.089
32.752
33.058
32.519
51.201
14.119
35.144
31.965
30.765
48.815
41.768
26.753
40.356
15.041
40.656
29.079
33.173
39.819
30.815
10.856
13.014
57.942
31.527
11.838
36.92
30.302
22.142
52.485
31.276
33.154
54.624
36.647
55.011
27.356
32.668
21.8
29.86
27.56
20.547
37.752
29.627
40.723
29.582
23.343
41.847
26.067
21.924
33.828
20.63
8.9765
37.088
34.298
26.277
45.799
51.565
34.193
23.826
39.326
40.843
21.519
28.488
17.508
14.327
30.892
19.461
42.043
60.129
20.23
61.991
36.883
37.442
39.938
30.904
10.435
27.719
12.887
36.551
35.778
8.7917
22.14
31.339
31.013
35.997
37.215
38.998
34.488
48.727
34.098
47.071
43.289
37.988
34.685
24.307
15.779
36.698
36.896
16.199
42.938
33.986
44.638
33.713
33.911
51.592
31.895
18.531
34.74
50.459
42.06
31.888
35.881
24.48
7.363
82.033
55.157
38.19
73.789
26.145
29.379
24.076
32.23
16.063
29.927
41.197
33.482
17.415
35.011
59.331
31.635
17.227
48.208
33.835
7.8433
32.4
57.331
37.302
51.249
40.632
25.518
25.749
28.687
16.594
29.636
34.421
39.129
27.877
13.064
41.008
47.708
44.976
46.161
46.025
26.632
36.697
37.152
28.426
26.647
38.581
42.695
32.257
10.332
17.426
30.298
22.196
31.778
60.468
37.65
36.352
33.946
27.499
35.35
31.075
49.242
29.549
36.145
44.471
32.451
15.394
26.995
21.073
26.834
33.663
13.7
50.017
29.605
51.267
19.07
38.533
26.745
33.076
31.604
44.702
12.684
33.795
37.223
31.021
24.579
29.74
32.883
30.265
16.216
47.276
13.431
26.42
32.563
36.133
40.896
44.032
25.082
19.87
32.814
31.06
29.789
56.277
27.65
42.68
40.554
32.797
32.748
20.42
28.853
16.813
36.237
15.89
35.61
60.609
26.903
51.164
22.923
35.089
51.115
40.543
36.313
37.421
13.894
32.471
55.319
25.924
32.687
33.786
31.457
36.087
42.074
14.324
20.2
22.656
34.05
22.671
38.618
33.229
31.952
47.833
40.613
7.9863
32.345
31.525
45.562
38.512
13.289
42.709
39.945
21.476
31.185
19.685
31.957
37.444
27.409
31.703
14.696
64.767
46.12
59.279
17.216
37.25
34.578
34.892
50.437
28.521
18.764
29.316
31.525
67.923
34.723
22.142
41.071
7.772
32.003
40.6
60.666
55.987
49.073
38.641
8.7947
11.965
38.002
28.383
38.525
23.117
30.261
30.651
29.801
8.6148
15.85
29.92
26.571
36.088
9.4373
22.89
36.755
22.762
23.205
26.833
29.386
25.732
25.361
29.21
51.373
37.699
44.572
55.309
16.655
20.254
10.246
23.094
42.278
10.102
11.102
27.704
39.096
22.617
26.19
45.73
42.545
29.848
54.737
28.512
10.591
48.559
61.474
23.373
28.157
19.715
28.013
49.925
23.878
36.79
40.238
19.175
36.519
54.575
40.768
17.706
28.819
26.07
24.037
21.858
14.244
34.418
30.47
8.3319
46.361
34.987
42.231
27.578
24.999
38.318
36.449
23.53
46.202
44.096
44.717
20.188
18.391
9.0857
22.331
59.251
28.048
34.744
48.823
21.368
38.788
46.799
47.106
34.133
35.279
26.151
29.001
26.781
27.837
26.255
23.894
29.586
36.378
38.592
30.819
28.156
18.791
24.554
32.591
58.937
32.203
53.985
22.514
56.983
26.576
27.51
30.493
16.146
21.256
25.431
23.828
37.535
19.603
29.723
22.041
11.948
34.264
42.266
28.202
22.286
42.855
42.374
12.791
26.266
60.945
36.714
45.577
30.11
37.218
38.389
33.097
41.677
24.635
11.131
54.472
45.838
38.396
51.155
13.864
24.015
72.634
7.8083
50.307
28.006
40.696
22.661
27.721
43.873
58.124
24.819
63.451
29.278
12.192
25.974
51.431
55.681
51.308
22.304
35.529
19.372
59.894
40.017
54.824
42.661
55.718
28.531
24.267
29.765
36.895
25.252
24.429
8.0522
34.045
25.798
48.681
29.056
26.468
29.701
36.877
8.042
51.463
20.643
60.433
11.439
30.281
32.786
56.612
32.452
61.868
41.02
60.668
18.395
35.699
8.1534
57.745
29.201
66.245
24.033
32.101
37.791
37.966
47.635
43.029
63.655
48.488
46.291
45.953
58.871
65.67
29.889
71.544
20.191
62.404
40.635
54.686
35.8
42.227
56.399
25.678
35.214
53.704
21.219
34.017
29.093
27.905
18.071
31.044
17.421
40.452
37.273
56.22
70.016
34.988
16.297
29.062
40.098
57.081
33.525
39.645
34.337
44.906
19.043
65.415
46.571
35.912
29.471
34.732
49.567
28.055
26.5
33.932
68.008
43.206
29.836
41.802
39.049
45.755
21.866
49.958
33.179
58.211
22.155
7.8902
35.633
31.904
35.891
36.891
16.281
38.511
39.499
37.893
35.949
19.435
29.219
34.856
49.633
26.02
33.77
26.133
27.347
55.357
39.822
39.774
18.102
27.138
35.663
36.916
36.546
21.373
29.191
38.598
25.339
43.396
43.272
22.01
8.4438
25.561
49.505
47.026
28.767
40.446
34.451
55.692
28.544
66.218
45.578
27.116
64.676
75.19
53.179
20.831
26.794
59.402
51.082
39.692
37.929
39.362
37.884
52.099
26.948
26.464
56.122
19.632
55.351
31.017
41.722
48.049
56.46
53.949
40.919
38.315
27.725
40.484
31.871
36.39
10.531
67.53
19.156
70.155
34.049
34.144
43.918
47.625
49.484
39.118
40.116
15.471
39.97
45.606
33.89
36.344
21.188
34.802
22.047
28.215
56.041
25.595
45.241
25.465
29.408
31.223
76.599
19.411
24.084
35.264
46.241
11.408
18.293
47.303
39.527
41.492
33.478
28.705
62.268
26.199
28.361
28.316
24.98
44.812
38.737
44.866
50.37
22.632
31.351
44.179
46.255
9.4171
23.06
48.107
78.876
45.519
13.333
27.324
19.508
44.216
44.803
26.017
22.151
23.09
8.3102
22.035
42.586
35.753
35.358
12.477
20.764
27.616
80.018
27.71
29.75
46.187
34.594
42.909
18.111
21.651
26.312
30.744
31.514
35.957
35.906
46.028
65.932
33.113
28.331
7.944
48.545
28.598
25.655
26.074
42.353
48.593
35.855
19.111
29.063
23.601
47.578
58.501
6.7081
14.183
21.601
20.207
23.7
40.501
42.844
26.81
44.537
47.07
21.914
19.289
26.661
40.543
32.708
38.39
34.211
23.026
32.857
26.602
25.829
44.412
47.01
40.343
33.232
10.294
46.75
22.414
29.776
18.034
68.333
11.897
9.9474
48.602
48.806
35.509
54.017
39.026
58.382
27.051
45.66
41.19
50.439
41.609
33.798
39.279
32.515
25.76
15.536
25.389
27.595
17.652
10.156
40.172
50.213
34.696
27.574
24.326
19.468
20.083
39.814
26.855
56.414
33.045
36.76
43.559
31.35
45.828
17.499
28.236
36.498
24.988
34.8
29.074
17.136
42.845
22.573
31.071
43.012
24.407
25.966
35.702
44.725
11.9
33.287
31.424
34.81
35.051
45.856
18.061
67.76
34.187
29.852
31.283
56.687
30.082
33.518
37.829
25.122
44.951
62.628
10.663
36.343
40.11
38.08
12.701
51.34
36.554
35.095
31.299
41.798
9.7694
36.269
45.129
29.811
36.991
22.933
31.828
31.763
35.312
49.498
23.285
80.821
21.235
47.319
30.549
38.163
27.358
39.046
45.885
47.568
8.2567
23.841
44.264
29.699
24.729
23.403
40.777
40.912
31.316
18.362
25.808
33.066
17.952
9.0466
32.784
43.655
16.268
32.522
62.671
43.773
9.6056
40.699
47.87
35.236
46.09
48.729
26.988
12.441
23.066
17.369
34.297
6.5045
16.68
48.461
43.54
42.433
24.745
69.331
10.858
32.733
23.823
24.246
23.419
31.212
24.487
50.882
17.346
47.913
22.807
25.422
24.959
54.88
43.024
7.8107
8.7876
48.867
34.448
39.073
36.59
20.125
15.662
52.192
26.223
45.532
29.61
25.421
25.445
27.37
29.146
13.924
9.8314
29.113
9.2546
8.9856
47.412
63.844
9.3155
21.851
23.377
27.418
22.456
28.882
41.768
9.29
49.495
33.9
27.448
32.701
48.662
17.933
8.9871
31.008
25.31
25.471
46.903
39.339
58.838
55.094
57.077
28.357
37.98
19.981
63.922
18.237
31.236
30.968
20.693
7.968
38.398
18.697
33.008
23.719
19.538
34.659
33.304
53.51
25.615
26.688
34.62
17.324
16.954
30.525
29.391
34.014
27.484
30.297
38.161
43.782
33.306
40.629
32.721
45.272
53.295
32.006
29.096
23.981
20.466
36.284
20.124
36.989
23.697
45.524
48.706
19.605
70.144
46.608
30.299
45.942
54.911
42.594
27.25
53.435
23.796
34.18
29.393
42.24
32.622
46.511
25.782
21.306
6.8366
30.356
23.111
51.329
35.246
30.059
29.853
38.469
33.189
29.387
53.464
57.017
30.017
48.518
24.098
35.565
21.803
36.341
23.211
42.459
6.788
33.739
22.972
25.993
20.012
22.658
27.846
46.706
15.013
8.3901
43.065
36.513
59.975
42.829
21.956
10.23
35.292
38.197
24.882
58.645
32.824
58.661
26.363
25.017
9.0671
15.744
22.216
44.102
26.859
25.948
44.052
12.243
19.547
48.178
47.08
33.316
49.317
42.646
44.23
15.09
37.321
15.496
32.61
19.357
53.093
25.687
32.697
23.507
30.218
42.167
53.207
28.413
23.304
18.938
45.763
29.015
60.956
27.21
60.704
24.501
39.091
57.25
33.049
27.916
40.82
50.085
65.132
42.852
39.55
54.825
36.605
25.696
12.692
37.783
38.218
29.985
40.025
28.199
27.587
36.073
49.315
38.085
31.283
24.738
15.322
45.211
35.332
38.711
16.301
50.641
38.382
37.618
16.6
37.983
23.768
23.927
19.469
30.478
33.098
24.756
39.768
28.106
18.013
6.8858
36.225
45.601
37.657
31.931
11.252
47.845
34.848
47.718
15.941
43.097
34.251
24.594
57.312
69.029
29.184
58.063
41.547
20.859
36.016
57.388
37.702
31.891
20.023
24.405
50.974
9.3484
17.62
33.916
16.039
33.483
32.48
11.108
37.525
28.859
8.1581
40.144
51.9
52.307
18.92
41.962
23.359
42.398
21.459
33.971
30.946
47.368
28.07
24.876
29.174
33.156
48.59
27.504
71.989
38.469
46.665
28.534
33.215
24.473
43.32
27.586
44.926
50.229
22.391
58.143
14.59
42.473
9.0237
21.646
42.104
41.033
42.086
28.438
40.844
28.354
22.382
26.259
47.652
21.147
21.805
29.487
35.913
27.255
48.761
39.516
75.423
38.52
42.697
32.714
79.701
46.327
33.047
51.753
20.227
51.212
43.257
20.392
38.213
13.359
73.904
42.777
29.53
13.75
30.07
43.568
14.481
46.335
65.87
25.795
81.893
32.09
25.234
34.227
37.177
21.14
35.702
52.733
40.305
33.604
44.022
31.415
36.336
41.506
26.213
64.124
35.822
54.558
31.114
40.545
21.41
25.535
21.451
18.975
32.192
23.37
11.874
22.926
6.3373
17.075
29.209
17.82
64.925
25.739
36.573
22.855
15.178
44.3
24.882
43.095
25.909
25.668
43.289
40.81
34.717
41.253
37.737
30.107
35.411
47.989
40.079
21.026
39.764
32.124
65.285
30.608
64.756
28.857
68.087
36.226
67.197
26.613
48.625
31.734
6.9633
52.391
41.959
7.4055
30.985
34.495
22.333
29.162
33.849
39.483
34.893
11.661
29.365
34.811
30.877
24.367
16.564
50.209
44.983
33.817
7.9902
43.856
42.189
31.343
34.419
19.197
29.801
11.859
41.526
49.684
39.543
23.456
22.777
18.472
33.9
62.91
18.624
28.199
54.376
7.6876
9.0244
30.321
35.408
60.748
34.361
24.801
28.61
23.63
34.007
27.237
46.599
16.613
51.875
8.5121
37.547
24.718
36.377
27.449
19.817
17.236
50.361
42.067
27.539
50.328
63.571
42.693
35.701
39.795
7.3078
40.677
28.039
7.7472
37.843
55.678
24.54
36.333
7.5416
41.587
20.188
8.8359
23.615
37.662
40.148
7.193
34.552
16.661
30.148
50.129
50.348
43.381
27.505
27.173
48.042
26.067
8.9431
37.459
30.953
37.194
26.183
49.201
34.564
32.531
28.711
27.523
19.212
11.571
43.681
25.957
51.716
29.318
40.299
37.337
67.507
28.574
9.4211
10.934
25.312
53.283
42.879
37.806
31.811
40.099
53.404
27.97
35.478
31.376
54.677
36.429
42.739
26.562
37.882
31.646
30.322
23.937
21.84
31.932
21.886
22.768
18.632
19.322
23.779
27.906
8.4178
23.569
8.5137
28.125
31.653
47.227
46.305
27.591
35.06
51.52
28.139
49.4
49.556
21.604
46.754
22.673
26.482
34.082
44.632
33.469
44.112
56.693
23.308
41.396
40.89
38.785
46.269
20.76
54.833
25.577
9.6372
56.361
71.764
48.1
39.235
10.243
44.182
28.456
23.243
42.444
34.43
42.977
24.651
70.519
47.872
38.096
28.194
34.663
54.581
38.241
32.629
22.452
20.042
37.912
41.667
58.869
56.417
33.422
46.59
42.826
37.626
17.998
38.564
56.564
24.866
43.845
26.694
80.946
26.101
24.878
26.489
24.465
18.694
51.254
23.617
27.417
7.5984
45.577
33.159
63.517
53.035
15.829
9.3209
39.969
56.609
43.467
34.36
37.405
38.514
36.231
33.079
19.041
25.58
15.67
26.328
37.125
24.633
36.315
18.603
59.713
64.413
12.813
43.493
33.901
44.221
31.985
17.221
37.086
43.375
28.931
7.3703
8.7924
47.587
31.975
37.45
42.237
25.413
39.856
23.523
22.839
39.069
35.819
24.669
15.857
34.235
55.907
16.5
54.266
62.759
45.148
15.111
13.862
62.744
33.153
47.524
40.962
31.498
9.8733
23.618
30.482
43.169
10.604
35.898
27.343
30.189
25.283
29.475
28.034
57.945
9.7116
19.677
30.902
37.11
39.969
33.854
36.019
46.217
40.08
32.521
24.486
31.047
32.689
25.583
30.299
48.501
37.084
18.369
21.971
8.6085
23.798
33.249
75.133
28.882
21.876
41.926
56.09
27.581
29.848
45.175
50.662
26.071
42.874
34.917
37.054
37.893
41.636
46.984
54.081
35.193
48.142
14.742
25.27
38.612
47.284
26.478
56.5
34.805
25.597
36.093
28.724
28.347
21.831
23.882
24.384
9.8899
36.594
17.074
18.418
17.215
25.528
32.211
29.803
11.365
18.061
19.167
34.858
28.017
27.484
22.833
22.485
27.435
15.836
18.972
10.777
22.613
51.462
22.2
25.525
26.175
43.239
31.302
27.577
36.152
22.465
30.721
27.303
27.6
11.785
39.408
41.192
29.934
40.783
26.329
24.728
36.862
31.232
21.404
40.97
73.324
28.598
43.318
27.443
23.992
49.435
36.752
27.324
41.861
48.798
57.925
50.749
16.892
31.254
40.977
19.896
46.054
30.102
27.01
24.543
41.762
41.073
9.3076
51.045
14.355
32.724
34.096
55.905
18.177
44.207
33.192
27.352
11.371
51.119
28.084
51.343
24.218
41.016
40.1
20.504
42.649
16.902
31.094
29.577
33.421
33.612
30.259
33.486
25.666
35.652
40.066
38.584
56.553
35.111
40.108
53.836
34.554
9.669
42.223
68.033
44.726
36.751
43.315
30.749
26.443
27.163
49.312
31.1
41.713
34.212
24.687
35.359
34.355
20.469
14.93
51.587
29.483
38.044
27.204
12.15
36.054
53.536
31.865
22.848
41.908
34.858
34.859
23.777
41.967
24.845
9.3467
28.606
33.997
39.063
35.48
30.447
37.821
44.011
55.088
7.1432
28.718
31.739
40.2
42.674
43.599
30.057
30.439
21.483
35.62
47.96
8.7311
26.187
36.341
44.416
37.153
39.655
35.447
24.922
18.6
37.436
56.515
10.042
22.038
20.753
56.683
52.917
9.4488
13.517
37.529
27.233
30.882
9.712
41.922
48.332
27.317
49.845
27.91
26.836
40.142
35.129
18.87
47.058
29.216
11.708
36.136
26.456
14.048
34.653
48.924
54.222
8.1192
34.628
42.141
43.525
36.092
30.852
56.684
7.7429
30.119
27.101
35.251
52.348
32.557
53.513
32.493
22.232
36.114
30.443
44.645
41.843
28.152
30.502
6.8646
29.735
25.573
50.421
16.487
49.377
29.892
69.474
20.074
17.389
42.361
30.297
43.911
43.206
40.344
44.339
39.822
44.212
9.4704
35.893
29.058
16.077
6.8887
29.314
39.904
51.392
42.214
43.677
21.678
28.316
41.337
48.605
22.546
34.902
28.505
45.369
49.222
43.937
44.433
43.898
47.454
30.636
34.822
16.942
28.203
39.655
23.986
10.836
41.867
38.468
6.8736
45.771
32.744
32.309
26.418
55.985
19.706
63.398
25.214
22.591
30.644
34.405
45.005
7.9855
41.364
27.046
21.281
27.248
30.235
28.988
37.371
8.3109
7.6043
31.719
6.3482
17.619
52.48
24.49
29.768
25.277
7.2135
41.79
39.889
37.467
57.729
13.963
15.676
56.57
63.026
30.547
52.463
76.034
45.326
50.536
57.417
49.228
70.386
20.8
58.204
28.294
63.915
45.001
16.797
69.808
45.864
32.043
37.932
17.935
26.587
28.534
51.257
26.597
27.806
28.642
48.036
37.323
65.224
8.8172
35.948
22.515
49.662
16.197
19.627
34.987
43.904
31.101
61.21
35.815
65.402
25.798
36.13
17.982
50.971
19.871
46.146
66.788
64.77
60.261
42.386
11.145
43.838
23.301
39.733
37.531
29.415
25.779
8.8213
34.927
29.653
7.9023
30.729
67.813
26.184
45.609
31.186
21.927
44.057
27.269
54.501
35.967
49.755
43.074
12.836
26.437
28.184
50.941
16.197
37.037
39.859
37.355
46.919
42.838
36.166
30.77
50.774
23.318
30.04
45.867
18.319
29.376
22.035
36.426
35.134
37.562
37.321
20.561
14.562
18.813
47.215
21.763
55.29
48.83
43.228
33.128
47.385
53.696
30.517
59.308
22.014
15.232
51.975
41.434
45.93
24.564
28.418
34.495
44.622
29.732
18.75
39.232
43.22
49.917
36.543
16.849
51.579
20.199
45.351
58.498
48.547
39.538
26.264
51.116
37.457
41.403
47.985
8.082
46.918
14.037
65.834
36.969
49.135
13.673
41.283
11.551
48.34
62.642
40.214
54.145
41.05
21.909
47.609
44.316
45.729
33.327
11.556
34.636
53.382
52.414
22.502
8.5375
37.731
21.177
59.224
25.512
53.898
40.225
37.36
23.851
17.283
31.813
49.003
9.2307
6.6372
36.551
21.264
24.391
30.198
37.824
36.968
43.089
38.57
56.147
37.051
22.34
53.052
12.661
37.841
29.353
33.994
25.828
38.84
33.782
44.591
37.576
17.724
24.443
42.758
7.7234
29.35
53.846
55.74
45.741
8.8408
9.374
41.882
43.937
42.373
56.474
25.636
37.352
31.971
36.189
25.179
40.961
22.978
31.732
35.546
57.116
25.466
22.274
31.507
39.017
7.7904
48.084
42.139
29.749
32.104
37.845
24.821
21.713
26.635
36.861
22.87
32.812
20.223
8.1094
33.394
29.522
17.836
38.171
46.096
33.696
11.505
29.302
32.105
20.996
32.446
27.449
30.892
35.334
17.544
47.823
31.908
9.7643
16.85
33.006
28.449
30.917
49.088
11.115
18.978
39.667
19.77
18.779
35.021
40.147
26.868
32.223
25.991
9.1392
37.126
46.857
24.842
18.308
21.834
26.826
29.964
68.701
36.724
57.668
52.774
73.648
38.991
31.726
27.996
23.767
57.962
18.988
34.825
35.46
35.128
58.254
41.104
29.032
32.654
38.892
42.832
31.854
44.3
45.725
61.433
43.987
29.929
18.425
28.473
53.367
12.102
36.75
31.385
28.752
9.8639
30.295
31.612
20.504
36.785
38.858
42.032
26.015
32.958
41.505
22.019
47.362
32.056
46.436
29.432
17.305
39.134
33.396
32.849
44.85
34.198
71.447
46.191
12.191
27.242
41.459
26.66
26.644
33.341
21.611
31.073
31.923
43.678
34.632
25.523
17.379
24.444
43.744
28.256
21.054
27.069
51.69
21.989
20.818
32.264
41.631
29.466
35.073
41.129
55.883
34.357
35.726
28.064
30.766
18.352
25.504
19.291
39.752
11.89
25.085
33.213
85.141
30.764
37.108
33.776
42.982
11.032
35.918
9.567
27.5
42.009
26.556
26.772
26.411
34.528
9.8732
23.434
14.082
29.412
23.896
28.055
46
29.803
61.108
37.201
16.134
45.92
7.8625
43.638
21.861
38.418
27.206
43.852
41.04
23.114
20.751
33.932
36.976
53.581
35.184
5.8524
35.419
39.494
35.938
8.9393
18.822
24.488
43.545
29.548
31.816
7.2971
51.609
26.123
50.121
36.442
35.826
27.591
18.108
22.21
33.028
35.987
24.937
25.884
40.947
25.034
28.448
37.114
37.972
28.336
22.534
30.184
64.825
8.8809
26.189
36.093
30.057
26.535
19.586
22.218
39.995
28.029
32.074
20.176
29.179
18.499
25.493
24.875
22.184
16.23
34.446
29.486
43.965
7.315
68.399
36.437
36.135
34.082
29.427
24.431
46.13
32.536
15.577
27.521
28.599
19.674
18.066
27.306
13.573
27.983
32.128
23.612
46.598
17.91
44.094
27.754
39.116
24.554
35.912
14.454
36.47
30.556
10.466
17.863
19.776
24.835
14.179
32.44
24.763
33.532
13.611
19.024
15.293
6.6606
41.832
16.968
25.718
43.518
42.916
27.269
62.553
23.666
33.06
37.98
38.695
14.388
33.932
45.062
19.247
17.447
44.962
23.288
32.723
15.565
43.458
40.676
28.735
20.698
48.174
15.31
27.249
18.118
65.488
14.402
35.664
31.962
26.378
30.661
17.153
37.691
37.448
27.739
14.837
20.193
22.693
24.318
33.775
23.725
22.139
16.745
26.582
31.426
41.524
25.275
33.103
23.868
38.517
24.388
36.902
31.712
24.976
7.1433
44.246
22.83
24.978
30.448
45.511
30.842
28.959
17.178
37.315
35.668
17.523
40.326
19.668
35.881
18.392
26.307
32.699
31.184
65.023
19.489
12.97
19.34
20.657
29.271
20.706
17.415
33.625
25.117
22.201
23.148
27.017
33.834
61.367
43.828
56.396
13.469
38.75
33.552
31.493
27.924
62.914
38.523
53.699
32.307
35.669
44.591
47.882
16.994
10.317
7.1058
43.897
27.614
26.135
22.055
20.602
18.239
27.457
33.063
48.958
16.5
27.259
33.197
20.054
14.017
26.226
37.283
84.012
31.993
24.698
41.82
29.023
36.02
23.312
31.75
70.07
22.012
22.444
9.2139
22.05
8.2772
75.283
48.032
40.099
8.2858
11.599
37.632
80.023
50.643
47.874
33.69
49.718
22.924
26.149
22.59
62.206
60.079
62.786
21.495
9.875
52.57
43.96
39.062
26.065
17.62
34.526
39.234
57.568
25.512
39.431
22.61
9.9225
24.071
14.887
54.059
46.986
10.668
11.175
39.854
24.432
38.601
44.561
22.364
6.4756
29.036
28.284
27.128
36.239
25.096
55.461
26.27
28.706
9.3983
19.589
34.547
15.727
9.9394
37.509
42.808
25.714
25.226
41.794
21.64
28.384
23.64
14.556
26.373
47.719
56.245
42.739
36.74
44.193
21.492
23.162
24.227
25.634
28.656
49.193
36.472
29.084
16.961
12.097
16.956
18.681
15.574
51.147
34.084
19.807
14.405
12.782
18.382
39.208
41.937
6.7267
15.169
42.894
28.95
44.325
12.965
33.416
15.195
32.923
15.571
11.571
27.814
44.532
17.925
45.334
19.834
24.881
23.279
26.354
7.6139
12.486
32.869
44.86
26.64
73.481
35.852
36.85
34.387
40.357
33.042
35.94
29.596
27.876
32.615
65.646
19.168
19.363
20.136
68.148
18.711
34.007
16.655
27.957
17.325
41.331
34.057
63.831
21.444
36.795
31.844
36.003
14.723
24.934
33.283
53.881
25.698
69.611
26.327
50.852
23.43
25.29
56.894
28.989
57.885
13.904
20.151
57.869
25.159
40.965
28.935
35.505
32.642
13.627
67.385
46.916
55.992
68.325
19.045
8.2125
22.801
33.65
10.448
39.177
9.6779
38.548
35.613
44.136
39.566
19.38
34.534
29.537
31.74
14.35
11.809
56.746
31.571
44.781
65.031
32.963
14.426
37.689
47.618
28.57
35.64
64.973
29.282
37.142
35.581
25.362
53.632
36.534
56.617
54.607
30.547
52.093
20.745
41.589
67.693
31.164
8.741
23.211
50.425
75.95
43.232
11.096
12.391
56.014
39.55
48.416
52.044
24.589
49.645
33.657
39.468
8.6431
64.812
7.208
14.291
30.356
75.147
29.611
41.826
29.274
36.094
51.079
43.655
41.597
55.69
55.936
41.606
39.71
45.711
41.322
17.651
62.87
62.065
19.737
30.105
23.931
56.146
15.964
48.503
52.219
27.659
64.641
50.639
31.435
41.495
33.64
37.903
29.664
22.553
38.365
38.29
36.671
30.862
24.258
40.72
49.309
53.387
31.97
16.611
36.731
40.613
26.117
48.381
28.485
30.55
50.243
53.646
49.263
58.67
48.011
68.753
17.343
16.611
34.936
32.588
25.745
38.907
48.164
26.86
28.696
51.795
46.512
51.385
22.371
10.179
49.191
60.188
20.213
41.899
42.819
34.161
59.51
34.983
30.785
35.899
29.246
32.274
49.415
45.821
65.637
56.58
22.325
68.258
52.583
38.354
16.63
20.568
74.055
46.938
48.213
32.231
35.384
9.4045
47.632
35.944
43.931
43.946
25.753
56.312
47.242
40.154
38.381
26.484
6.7357
61.73
37.072
38.113
25.462
50.186
58.159
42.667
39.861
11.264
37.342
8.8317
28.153
50.214
16.611
9.5164
51.694
38.978
26.771
9.2192
67.438
34.666
28.422
51.547
42.02
41.673
45.24
43.237
49.237
46.149
43.706
20.627
28.628
55.231
36.402
56.116
21.088
55.082
58.378
43.346
33.969
7.5371
39.736
41.52
9.3458
35.094
47.156
25.501
59.833
6.4875
31.581
41.892
48.822
59.118
73.483
29.503
30.682
8.911
37.634
21.892
23.991
32.558
73.845
56.687
37.872
62.618
17.888
29.99
40.023
27.065
41.57
27.128
30.255
16.907
29.667
57.457
26.172
54.558
39.918
36.641
29.189
51.989
33.063
8.8018
23.321
56.032
12.232
51.449
8.7299
35.848
29.549
28.52
38.711
36.465
28.406
61.693
26.082
15.328
27.158
35.268
40.568
48.299
28.086
32.065
52.15
40.968
25.959
36.909
13.174
29.484
37.453
36.847
40.708
21.082
22.367
54.097
48.46
8.3416
37.332
37.071
19.614
45.259
35.742
24.634
20.198
36.195
15.707
33.657
47.096
16.775
19.739
28.712
43.856
22.262
53.201
39.354
6.4553
9.7688
18.01
40.566
37.312
36.727
42.162
26.038
31.41
33.379
43.741
24.854
37.071
15.306
33.921
23.458
29.11
23.648
35.46
23.295
29.772
28.447
59.005
29.391
29.905
41.518
47.017
30.498
9.7116
41.406
37.628
57.602
58.738
29.213
36.984
9.4536
29.4
21.21
56.167
7.5721
43.818
29.49
37.998
48.38
40.747
23.436
55.569
10.028
14.392
16.906
6.7696
12.48
42.195
26.031
46.743
22.955
54.082
37.533
39.688
22.198
23.678
26.12
16.65
23.242
22.786
18.626
33.637
39.204
36.818
20.394
30.61
31.14
36.724
50.807
39.977
23.445
9.2102
21.791
61.371
68.789
38.665
21.052
29.847
21.306
36.388
39.578
63.414
34.2
49.627
44.493
26.023
47.344
21.8
68.667
33.405
30.421
39.882
42.513
47.678
35.153
47.703
40.215
29.477
39.55
14.116
7.7761
14.188
34.253
48.479
27.923
35.386
38.718
10.607
7.3277
30.082
36.166
9.7384
25.651
43.846
47.431
43.891
8.4284
37.866
32.634
41.991
30.929
36.079
20.373
30.721
28.027
70.429
32.866
18.522
24.988
26.818
30.985
50.462
23.006
40.51
23.541
32.154
17.695
35.96
36.358
25.06
29.369
8.6274
31.562
29.635
36.344
25.6
28.024
48.759
10.51
43.976
41.477
20.321
36.721
34.045
34.308
13.939
30.832
11.884
14.263
16.804
34.621
43.826
37.347
20.475
25.428
32.558
27.516
28.696
62.097
41.106
22.547
27.465
27.943
49.975
10.074
45.518
56.385
38.859
36.907
30.986
26.493
28.884
50.41
45.362
35.381
39.249
34.59
41.155
45.914
40.436
23.718
50.085
33.941
38.727
16.068
42.691
43.15
43.715
33.212
34.667
23.014
37.111
39.151
68.032
32.656
28.458
48.929
57.537
20.035
16.848
33.517
64.18
41.025
26.471
10.721
7.5554
49.677
24.301
44.713
26.702
27.884
44.206
31.021
32.901
35.85
38.863
43.879
52.289
56.222
48.516
31.888
37.237
23.15
24.154
6.3532
20.95
21.192
15.435
30.47
28.514
21.325
51.315
28.343
40.107
29.113
47.707
41.726
30.7
56.509
40.71
8.7686
43.458
31.823
36.451
10.353
23.663
35.697
25.107
43.16
75.704
42.254
27.646
18.865
17.334
42.136
9.5755
26.376
26.853
46.962
24.594
30.982
46.879
40.791
14.541
13.076
29.778
16.872
39.755
32.402
42.199
28.651
29.323
9.858
44.341
24.218
9.2276
25.504
31.388
25.55
29.94
33.08
21.852
52.835
38.252
8.7742
40.83
40.409
16.065
36.001
16.111
22.931
53.516
44.518
21.129
38.357
16.171
29.446
9.2573
15.249
28.464
35.68
6.7857
34.984
35.76
20.482
39.559
41.502
31.754
39.027
34.051
19.976
27.585
44.622
25.681
42.051
21.361
36.741
22.852
41.194
28.197
26.903
8.5306
36.624
67.39
19.143
7.634
40.775
28.648
7.3165
32.052
29.108
34.479
27.616
21.612
35.214
28.51
66.422
10.909
69.391
40.796
25.548
19.796
14.842
42.65
20.086
36.208
18.975
36.898
30.897
49.492
28.512
56.684
16.593
73.103
31.376
35.069
30.584
21.381
37.721
20.831
10.278
76.282
37.779
59.152
21.325
35.695
30.986
67.583
42
31.115
33.768
38.299
11.439
46.279
39.959
27.336
44.165
22.774
57.296
23.381
75.601
44.374
29.607
11.417
27.47
33.718
19.427
25.105
50.673
31.463
22.551
70.057
28.716
29.648
38.945
44.979
29.464
24.84
47.166
25.032
49.155
24.818
8.119
23.424
35.134
74.103
25.9
33.459
20.334
29.372
32.293
43.201
26.724
29.131
61.771
20.335
29.451
37.867
34.262
58.019
21.588
6.9314
40.355
70.426
60.138
46.333
8.5919
37.786
44.134
7.6164
29.81
27.368
32.645
19.377
29.707
9.2234
46.408
31.224
39.34
27.297
42.541
22.952
31.689
48.112
33.555
47.581
13.193
21.711
30.855
27.116
35.374
58.794
21.843
27.332
14.203
24.139
37.301
29.56
31.186
42.836
27.822
26.077
28.406
33.371
25.061
30.112
33.592
24.15
14.726
29.624
35.603
28.787
43.986
23.566
25.254
37.276
41.016
50.57
31.892
65.312
17.976
34.78
47.637
31.071
34.331
26.652
10.295
33.603
20.778
42.125
46.888
44.23
36.691
13.286
31.501
75.954
31.908
46.064
24.345
32.356
27.126
23.37
35.378
39.217
36.04
31.392
31.256
33.214
24.924
32.755
33.37
62.113
30.381
16.606
26.104
53.743
35.705
34.614
35.402
45.346
32.443
28.452
10.898
28.338
40.624
11.367
35.652
31.856
21.297
23.161
25.736
21.912
29.459
41.403
24.972
34.932
44.411
27.558
30.399
26.408
9.953
36.471
11.025
18.769
40.338
49.404
27.529
9.3408
29.129
43.799
42.951
37.974
30.426
43.473
39.543
16.847
30.801
28.674
30.169
31.277
21.8
35.131
31.51
34.861
25.957
37.622
43.872
25.812
26.353
53.374
12.42
26.979
38.041
30.254
31.305
43.462
14.976
51.56
25.586
62.324
9.5343
52.094
34.055
25.493
29.082
19.961
35.472
16.683
54.293
22.45
55.332
34.784
38.596
39.688
38.534
26.337
31.503
68.296
47.527
19.159
70.476
36.181
11.561
37.047
42.567
14.9
50.752
37.368
47.566
38.695
54.014
20.489
56.767
31.312
28.04
43.229
64.615
54.383
29.396
14.547
63.369
14.65
11.039
56.005
52.083
18.171
52.045
8.8673
41.031
27.388
65.382
43.129
62.339
26.881
33.209
67.625
24.381
50.083
23.926
14.285
68.937
44.17
12.511
29.508
52.591
53.667
47.159
30.243
43.223
38.097
55.828
22.082
39.17
40.232
39.51
36.078
31.328
26.416
20.152
11.017
31.953
32.318
55.734
37.581
63.767
32.717
41.114
64.541
34.598
16.278
62.187
24.377
46.442
35.851
59.087
27.984
39.194
61.682
37.176
34.125
35.228
31.912
30.621
23.971
40.361
30.897
15.344
27.81
8.0416
8.134
29.369
29.452
7.7857
32.683
22.478
19.838
9.8514
39.956
35.163
40.742
45.754
12.754
19.797
27.05
12.062
42.568
33.324
23.216
34.175
48.626
15.779
43.477
12.532
25.82
30.236
33.026
61.873
25.038
35.547
31.938
6.0601
44.771
50.263
44.352
27.167
57.244
23.845
32.612
31.975
23.328
30.125
34.651
58.813
34.34
34.436
40.454
43.558
13.195
46.153
19.049
59.63
47.815
74.403
48.884
28.48
55.959
35.178
25.653
42.735
32.004
39.086
31.2
40.616
43.447
34.413
18.481
41.457
28.601
11.847
34.055
53.053
42.833
30.386
45.086
59.403
21.565
36.148
31.316
47.16
24.062
38.654
26.977
42.219
19.65
9.5997
40.51
53.919
54.087
20.194
9.7268
45.553
50.748
23.102
42.566
40.316
37.144
35.766
46.52
73.546
28.39
64.276
41.323
9.8178
25.935
35.08
25.349
16.896
53.161
45.002
66.556
41.222
30.612
25.161
38.973
30.72
50.845
22.751
21.545
48.56
25.903
42.603
25.438
40.801
50.428
45.329
18.406
56.188
60.566
63.512
50.04
13.462
53.972
37.527
62.411
35.782
16.842
42.395
73.351
33.488
68.653
31.875
18.049
48.332
55.172
47.917
33.565
46.742
23.171
42.669
25.588
40.558
32.327
35.294
7.7937
39.716
30.602
27.059
25.713
74.826
40.929
29.352
33.023
58.136
27.113
72.039
25.959
51.161
47.372
64.612
38.888
61.213
47.409
82.246
36.412
83.036
43.282
11.997
27.589
53.167
26.301
48.602
35.168
37.731
76.411
58.819
26.199
65.229
21.808
39.548
41.741
63.042
29.418
23.874
45.963
60.283
10.172
14.722
30.871
45.849
26.275
53.99
33.494
58.222
43.258
41.925
38.675
74.453
55.666
15.332
7.816
53.457
7.4172
79.625
24.223
44.738
36.329
28.284
6.8832
78.564
23.291
12.449
32.265
56.618
35.217
34.284
28.315
48.894
25.829
57.383
31.224
60.955
31.154
58.991
41.647
33.784
11.485
40.004
43.412
75.659
36.706
50.7
32.908
79.166
20.129
59.538
33.378
75.435
23.601
55.516
31.079
52.593
20.529
8.7979
22.61
26.483
20.057
25.304
18.553
13.394
57.085
11.526
27.43
56.489
25.274
56.177
74.816
12.764
36.567
43.447
35.577
42.6
16.402
53.443
21.587
68.51
18.851
62.754
43.488
43.143
49.578
59.256
35.914
55.916
29.706
43.689
39.641
81.431
33.216
56.466
31.617
52.963
50.922
61.605
27.775
61.291
45.985
36.033
59.139
48.773
61.531
61.706
39.114
72.105
30.714
56.204
32.05
11.571
56.723
76.38
50.125
15.698
36.234
77.999
38.998
25.688
43.508
38.585
9.2814
70.666
24.232
74.383
21.095
40.77
46.333
50.428
32.784
51.363
28.288
60.955
11.772
73.521
33.87
52.827
37.864
64.51
28.002
61.856
63.279
48.845
22.96
46.432
35.288
27.499
35.756
35.967
18.477
48.012
18.386
7.0609
44.787
59.004
64.761
30.03
31.507
84.35
24.292
42.726
23.91
8.8844
40.175
37.232
23.965
32.295
24.985
40.838
12.881
27.326
46.28
34.314
12.278
22.048
65.083
61.199
39.475
35.353
27.016
34.681
22.615
8.4436
30.95
35.232
33.581
37.706
51.636
19.946
31.391
29.859
18.431
35.64
9.9322
33.674
28.207
36.754
51.76
28.015
9.779
47.705
42.696
9.5646
36.677
40.912
32.516
27.076
29.378
24.958
10.084
25.768
42.095
30.04
24.245
27.699
19.887
42.399
28.009
26.855
21.163
10.943
9.175
16.216
31.47
21.283
17.81
17.713
7.9509
10.906
21.783
29.085
25.226
26.097
46.199
69.699
41.711
38.299
38.586
24.251
33.971
18.158
27.002
8.5878
55.157
19.524
42.708
44.255
11.835
35.737
53.669
32.385
30.679
25.543
8.7896
45.083
9.0365
43.739
21.957
37.508
41.021
27.751
6.7903
52.144
28.691
42.837
35.99
43.369
52.39
63.543
17.69
23.34
31.063
7.6122
25.717
16.588
31.807
37.949
31.79
57.39
35.069
38.007
42.885
23.382
57.916
34.558
27.11
32.017
21.372
33.185
30.699
39.91
24.644
34.853
34.964
54.898
27.026
21.646
37.509
39.897
26.684
8.9467
56.284
53.299
17.164
41.624
52.46
21.732
8.5696
21.286
31
28.855
57.38
35.849
58.65
37.383
24.905
47.588
33.98
26.454
29.282
37.385
54.679
6.7286
60.553
8.1242
45.576
31.688
39.402
31.008
29.586
27.405
30.286
63.05
48.537
35.574
43.16
35.723
34.879
28.45
9.287
32.507
37.878
41.088
33.405
38.642
48.07
28.918
22.527
35.704
20.543
31.117
30.73
41.667
35.796
34.946
53.449
8.6508
54.913
37.944
31.299
39.171
25.731
47.888
7.1022
52.324
43.831
34.726
39.497
43.925
51.981
31.863
20.116
10.161
20.809
33.119
58.197
54.721
8.1184
68.037
31.815
60.775
20.37
38.977
36.167
55.651
22.518
36.956
32.263
38.176
26.243
32.963
15.941
27.753
30.649
29.363
26.208
54.165
14.623
10.862
20.33
63.609
45.933
51.865
58.899
33.845
47.194
34.134
30.735
46.477
21.167
28.781
50.388
52.372
35.649
32.231
47.312
69.8
15.363
16.712
49.77
46.213
29.987
50.267
19.003
34.824
8.3578
30.573
19.498
38.12
17.528
26.683
45.911
39.934
28.975
19.975
26.273
65.861
23.457
12.572
24.665
57.42
45.828
49.145
59.749
35.558
48.26
28.914
40.673
40.689
28.376
17.64
52.338
53.626
8.5262
42.408
14.497
45.965
24.204
18.104
26.492
34.146
22.766
30.058
24.538
47.112
42.345
39.618
28.407
22.422
33.373
10.482
45.107
25.213
19.27
9.5404
39.684
69.991
62.41
26.665
30.641
39.538
23.973
20.52
16.87
10.04
57.739
8.1375
23.896
9.0889
40.233
46.136
15.525
32.124
42.186
8.681
66.55
57.904
63.12
32.47
55.775
31.268
26.229
21.578
29.154
30.852
17.248
38.926
51.695
61.697
26.848
23.891
20.512
44.356
23.709
38.181
41.348
35.072
72.994
19.676
22.179
8.3965
37.506
39.403
35.653
29.55
24.068
48.452
29.178
26.389
23.185
34.319
37.952
27.878
39.202
31.766
35.324
32.857
28.624
48.291
38.692
16.08
33.307
46.244
23.569
32.368
24.021
39.955
37.419
43.808
31.627
14.545
40.485
32.972
15.039
22.643
31.71
31.609
42.864
27.693
30.868
32.987
46.149
39.777
44.228
53.531
56.388
36.953
47.606
71.002
57.066
61.604
22.622
53.885
26.095
24.184
28.683
30.679
40.119
36.025
35.544
38.828
52.107
33.732
50.565
42.671
19.157
42.023
28.28
17.183
54.397
17.084
36.701
42.118
65.885
52.437
22.202
27.746
51.701
32.858
36.534
12.481
21.957
59.887
24.444
19.891
24.161
57.826
42.419
40.994
26.17
27.678
37.653
34.614
48.895
43.819
32.596
25.779
47.624
42.77
41.877
33.567
22.431
68.115
38.129
16.16
49.802
57.679
44.457
39.869
58.717
27.424
31.706
42.755
49.753
29.268
56.35
57.825
41.754
43.82
15.599
21.043
32.333
55.181
40.106
9.7594
26.908
56.177
58.755
36.706
39.402
25.872
47.193
40.496
23.821
22.978
31.36
38.685
33.146
58.96
41.549
26.207
29.208
22.031
28.276
40.996
39.215
34.91
53.147
29.236
42.803
45.217
62.753
34.172
31.301
13.139
16.668
34.941
7.1773
11.311
60.861
28.651
21.631
42.447
30.052
32.599
48.664
26.193
50.779
13.331
34.054
16.048
57.081
13.895
23.715
20.438
19.723
18.673
46.622
40.995
24.64
28.518
45.128
45.726
17.577
51.807
39.462
26.756
28.608
26.508
56.811
62.632
28.675
30.804
30.95
20.85
32.67
39.832
41.576
76.559
56.728
33.335
25.36
38.242
68.369
61.894
27.641
22.138
41.565
8.7245
41.999
41.9
35.736
7.3552
9.1627
30.584
25.435
39.71
40.558
35.896
24.077
38.726
23.095
29.017
10.876
28.283
49.915
28.73
29.658
31.725
8.2796
33.385
46.952
33.383
24.592
55.364
32.787
9.83
44.035
43.584
34.07
49.778
68.817
32.717
45.417
30.765
15.689
41.861
27.02
20.093
7.5061
47.545
26.423
21.333
39.218
57.767
25.277
12.335
42.12
51.105
8.5528
60.299
37.712
26.147
32.799
18.494
54.942
45.25
17.669
18.718
25.033
57.344
32.162
9.1495
20.511
53.25
20.842
49.318
33.712
34.708
27.478
23.884
13.392
54.082
56.404
23.575
21.818
42.136
21.906
31.48
58.697
33.626
40.832
45.561
14.052
26.552
56.134
36.807
21.815
15.114
8.9262
7.2394
33.348
46.098
29.021
18.462
33.89
32.909
22.423
24.875
42.292
28.907
13.324
48.561
27.237
59.537
24.749
47.67
29.493
24.38
29.755
33.745
33.212
28.356
41.654
17.056
48.991
31.801
35.794
27.016
35.311
6.3982
32.523
28.652
45.594
47.971
52.621
26.646
49.487
41.429
7.152
43.993
29.94
38.06
37.913
48.52
19.958
29.482
38.577
29.388
44.067
49.517
51.699
25.326
22.203
41.468
47.686
56.61
23.174
37.011
25.787
34.351
44.68
57.532
68.573
7.982
43.206
45.767
37.98
32.021
32.104
42.957
50.993
7.7056
20.6
27.371
49.722
47.927
13.451
43.588
18.133
19.811
42.895
31.891
22.22
8.3038
41.053
19.603
25.468
41.757
23.518
60.929
43.695
28.643
15.714
59.855
26.312
7.9717
51.772
24.347
35.871
48.764
27.988
30.966
45.559
8.9168
27.089
41.666
28.592
51.466
28.12
7.7122
29.8
48.176
59.54
36.072
28.488
42.385
36.401
37.611
39.176
14.116
67.531
24.03
51.971
38.112
37.296
40.991
74.226
49.627
28.835
28.989
38.673
27.515
25.094
27.243
23.253
43.98
7.6716
34.054
47.803
29.285
54.464
9.2027
10.545
53.061
14.645
53.882
37.622
40.219
30.529
26.904
34.551
21.024
47.124
25.563
50.08
18.302
67.044
29.537
67.9
9.366
7.2351
50.316
35.668
28.441
33.557
30.906
39.38
26.033
65.107
20.892
33.69
25.925
52.374
25.828
22.686
28.859
64.5
8.5073
42.337
44.599
27.003
43.365
29.282
26.267
11.153
33.102
50.708
31.432
17.428
17.858
46.654
27.803
25.96
25.007
28.008
29.629
18.46
17.285
38.821
39.327
22.983
32.995
30.434
30.104
57.121
32.033
17.673
10.168
32.347
24.076
56.929
32.329
13.501
11.805
17.782
51.928
48.989
9.4126
51.955
30.019
29.366
44.402
35.031
22.469
32.627
22.99
27.176
45.935
49.935
43.291
51.315
22.547
46.061
28.947
45.878
26.868
49.458
34.523
43.744
22.875
32.848
23.221
12.007
41.081
30.83
20.813
16.056
41.412
29.623
28.55
24.42
46.758
9.9091
25.688
19.824
38.406
39.573
26.266
30.761
44.721
44.982
10.517
17.882
30.513
38.107
31.052
20.613
30.762
11.457
41.575
52.055
44.383
39.412
52.944
25.664
28.971
20.924
29.422
13.886
25.477
40.986
39.097
38.186
24.127
36.756
31.99
23.698
14.231
15.979
43.644
11.816
26.303
8.7575
25.707
41.068
35.414
46.525
21.065
23.151
44.749
31.695
30.227
29.554
35.179
34.655
24.246
18.714
29.045
18.159
37.325
10.398
30.571
34.935
50.65
58.525
50.77
35.855
31.536
41.634
31.648
31.222
16.092
37.76
58.565
31.323
21.769
15.018
28.704
44.604
17.795
43.112
8.1523
26.09
31.591
16.971
37.468
39.357
51.947
30.204
40.702
34.103
23.895
45.566
13.136
41.933
37.17
34.607
43.206
53.788
30.222
31.373
49.803
18.651
28.299
23.159
29.763
41.065
37.123
7.656
32.506
29.235
10.272
23.026
39.239
15.88
15.879
36.229
43.406
28.396
41.267
31.113
27.727
25.253
25.101
31.863
33.527
44.812
43.139
12.263
42.464
55.887
17.748
30.706
11.951
35.601
10.357
50.857
29.505
29.445
57.76
22.746
22.627
28.662
44.586
18.289
61.809
57.235
35.011
31.261
34.775
95.199
62.104
23.69
48.503
18.899
51.315
62.852
23.277
28.386
66.937
64.083
28.126
51.68
47.213
19.127
49.905
59.761
41.084
28.185
32.729
27.107
55.674
17.515
51.577
28.091
50.945
31.695
30.439
27.914
58.406
17.689
23.351
40.706
47.992
32.934
48.346
40.054
23.986
12.986
38.226
59.787
67.34
23.634
48.854
26.814
64.465
22.854
27.34
7.1589
16.829
31.196
67.28
33.994
41.923
30.458
54.154
31.292
59.133
39.682
31.182
26.818
53.281
33.271
34.54
19.435
25.569
34.594
52.034
29.829
47.066
31.24
21.81
46.455
79.241
24.728
69.582
20.088
28.986
48.576
27.114
12.642
45.066
14.875
47.439
46.437
51.382
21.652
57.116
32.504
47.387
10.717
53.868
18.333
65.589
70.388
26.335
26.649
52.231
6.8782
45.403
40.779
26.701
22.644
18.625
76.148
31.337
24.86
34.704
30.194
49.731
14.712
18.077
40.672
46.979
17.343
27.392
53.044
55.775
37.469
44.232
27.033
45.978
29.166
27.33
40.95
69.321
30.374
48.307
44.171
40.853
39.112
63.962
9.3006
52.125
35.588
21.517
12.476
46.325
9.7797
50.205
58.317
59.788
46.793
41.406
13.966
70.291
36.827
44.656
44.156
30.557
10.583
48.94
30.56
59.725
37.608
32.09
42.8
55.825
31.855
36.739
29.887
61.169
13.554
13.427
33.393
63.653
48.259
49.572
26.816
40.896
13.728
41.699
43.121
36.446
60.466
31.904
22.189
49.681
56.486
39.84
60.737
46.608
30.725
33.389
40.147
28.766
57.32
59.933
21.784
45.694
34.682
50.979
46.743
13.581
26.249
40.872
44.88
37.758
35.23
40.274
30.687
42.339
40.724
59.977
13.117
33.729
27.296
68.483
29.803
22.356
46.993
12.687
33.723
53.412
10.221
35.403
24.076
32.288
45.851
27.549
10.178
31.445
41.937
33.677
32.08
26.141
29.198
46.466
43.07
59.094
26.658
45.81
44.736
29.491
8.0993
36.927
9.4798
10.844
30.424
50.894
31.874
39.942
48.491
44.936
35.56
51.501
24.685
25.799
33.916
25.779
32.059
42.757
16.566
40.842
16.636
39.061
34.819
6.508
39.418
63.636
8.6127
34.574
34.968
42.451
39.51
49.96
56.182
37.401
40.977
18.746
34.636
36.67
7.5126
36.637
25.814
10.754
29.732
60.016
21.173
46.014
31.135
43.765
20.891
47.206
51.725
29.974
34.466
34.94
22.499
40.953
9.7279
23.411
21.659
23.503
40.689
35.474
22.421
39.752
39.68
32.891
17.386
42.197
31.836
46.097
23.069
6.8626
20.573
40.699
55.544
23.152
26.666
32.702
43.798
39.525
24.672
26.475
34.524
52.623
30.821
46.254
32.545
42.296
17.316
37.336
52.428
39.659
38.339
41.425
21.782
49.556
51.655
10.264
28.225
33.042
47.075
67.884
49.153
41.152
20.047
21.238
25.438
47.075
44.024
29.916
39.433
36.259
11.803
28.225
43.162
27.709
29.817
32.863
48.351
43.942
40.263
62.536
17.811
33.795
45.092
32.738
37.152
28.004
18.269
36.267
26.451
28.834
31.01
22.88
26.161
33.889
22.869
34.299
37.899
65.697
29.693
44.945
42.368
45.671
39.986
31.619
31.426
38.586
34.024
45.094
9.8606
35.376
37.08
53.922
22.967
21.956
30.629
47.673
76.548
10.059
8.5785
35.06
41.239
43.493
34.551
8.5779
9.3363
24.038
24.476
39.426
29.651
57.119
44.967
32.221
9.7848
25.092
19.317
44.197
8.893
40.562
46.958
38.759
34.798
40.827
31.736
60.472
22.803
33.873
62.72
8.6767
31.674
28.359
24.429
47.127
62.823
46.476
34.685
33.718
26.246
37.304
56.673
50.812
9.7428
39.328
32.927
7.8086
40.514
12.06
38.078
35.269
34.9
33.493
28.816
9.1183
48.772
49.21
29.998
13.54
51.816
47.046
28.605
29.865
56.86
28.366
40.187
35.77
29.455
41.447
38.818
23.48
9.5927
35.836
32.749
21.646
26.617
42.038
46.092
16.559
66.929
32.849
49.161
43.481
40.23
23.966
47.021
25.44
36.014
36.929
27.968
20.392
30.348
43.36
17.855
21.255
20.015
44.38
41.928
18.077
19.144
40.326
47.92
48.395
57.272
30.385
48.749
25.809
45.289
33.9
60.09
21.207
37.495
34.769
33.354
19.355
30.72
16.579
25.538
16.959
35.593
20.286
30.886
16.957
8.2407
29.103
18.759
18.693
27.839
35.862
26.799
34.686
46.914
23.72
27.275
10.65
25.859
30.011
60.772
48.043
38.447
47.743
45.528
40.889
47.888
27.904
18.922
9.9673
30.491
30.364
47.656
51.576
19.963
31.093
81.662
34.579
51.936
7.325
40.678
34.475
44.778
26.366
53.041
28.812
18.358
28.278
10.683
9.6579
25.444
35.72
22.067
26.248
38.319
9.8375
59.714
22.469
25.973
25.317
19.266
29.234
29.416
26.282
22.874
38.726
27.194
37.285
32.818
26.427
33.96
27.28
14.288
30.073
38.994
24.082
7.6214
40.305
43.848
29.93
25.178
30.059
41.538
7.3615
29.614
21.71
12.094
27.377
7.8283
25.759
24.957
29.496
43.392
10.4
44.985
22.144
40.852
22.814
75.928
24.49
40.16
24.792
42.65
26.896
8.8457
18.692
33.324
18.058
29.626
35.754
38.497
35.705
35.973
33.867
44.187
17.22
55.471
23.815
20.888
38.094
24.42
43.566
57.658
53.366
26.842
43.056
18.938
6.4336
41.586
36.558
33.139
9.1262
66.147
54.295
28.522
12.276
60.405
46.586
36.118
29.638
31.517
15.332
38.496
21.359
48.18
36.539
42.539
32.546
29.508
32.979
22.856
36.851
32.854
27.419
28.635
37.385
26.732
44.791
11.268
21.106
26.708
22.411
29.686
43.17
27.279
8.3203
44
37.614
41.801
22.609
28.861
28.695
9.1112
34.687
38.844
23.435
31.875
25.506
36.387
16.613
22.411
31.491
35.053
6.9072
46.491
24.712
18.55
25.678
52.183
32.41
44.768
22.085
22.909
25.795
52.379
28.97
10.138
20.431
33.226
33.135
10.421
9.1882
47.197
33.156
16.284
25.616
28.874
29.722
21.463
27.368
64.246
24.583
45.638
23.113
25.008
26.483
10.217
18.053
68.885
7.7971
13.035
24.988
47.204
25.27
60.424
21.636
40.834
10.109
58.721
22.335
37.044
16.329
16.895
21.891
27.617
17.431
7.7238
31.113
21.301
26.257
38.696
31.69
59.395
42.349
55.582
21.682
29.1
24.859
49.65
24.016
62.415
25.054
25.141
34.35
19.791
27.573
49.581
35.6
19.825
22.757
38.551
30.315
42.961
10.394
54.261
12.742
10.581
26.669
34.586
25.251
24.996
37.476
22.291
55.617
31.932
43.184
54.5
23.769
45.216
40.508
21.049
28.064
46.455
17.095
43.314
26.82
39.312
18.26
16.375
26.311
27.47
31.153
31.935
6.5858
34.937
26.031
19.324
18.93
31.369
36.741
25.882
9.3076
46.623
10.37
52.601
23.044
35.002
23.098
30.378
38.651
28.338
9.9212
29.738
26.23
26.772
21.914
24.248
22.566
40.098
33.198
71.683
30.656
30.155
32.401
27.622
20.897
53.011
21.949
18.864
25.97
20.663
17.066
58.723
40.153
18.185
27.792
28.998
27.285
29.675
30.232
10.158
30.61
37.03
23.807
51.515
22.185
22.153
30.409
61.894
21.256
43.903
24.594
12.216
23.135
44.07
23.296
37.461
34.58
37.199
32.127
31.29
17.718
41.018
24.705
51.541
35.561
43.599
31.019
25.033
11.229
52.112
27.729
31.11
28.244
28.207
68.92
24.189
25.275
64.955
33.686
20.088
49.021
10.52
58.848
45.919
25.092
37.239
34.18
17.772
42.075
37.908
68.21
39.049
66.919
22.596
19.122
69.251
28.653
7.1134
23.355
51.166
53.915
44.047
61.89
21.302
35.437
26.597
35.278
38.734
44.451
25.577
30.359
54.078
31.299
33.244
59.977
58.986
33.68
8.5647
26.425
26.692
33.118
22.602
47.486
51.619
24.585
20.233
24.856
27.461
28.759
34.8
24.964
28.537
19.343
28.07
65.782
43.213
38.315
41.581
46.381
22.51
48.396
26.487
13.663
14.23
39.1
56.927
23.616
28.961
9.1789
19.844
37.485
50.14
60.808
36.194
41.534
38.96
32.87
33.038
32.969
48.861
60.576
57.757
43.06
14.859
19.94
58.757
25.494
27.993
9.1677
40.944
27.487
28.972
32.888
19.377
48.927
36.942
40.064
49.977
26.4
32.414
27.832
19.847
29.362
28.823
73.683
66.106
27.896
60.609
23.636
49.397
53.322
28.687
26.473
28.341
9.992
47.707
65.301
49.82
29.46
36.505
29.494
19.876
8.3326
33.261
45.599
28.806
8.8318
26.343
43.668
35.233
32.906
54.264
18.843
27.366
31.275
8.3725
26.561
34.715
32.346
46.282
55.286
32.644
48.612
22.901
10.265
61.72
19.673
53.678
25.052
26.522
39.589
41.284
20.196
18.958
15.045
56.648
27.296
11.097
49.428
12.703
25.667
29.101
58.623
29.791
8.3975
29.332
32.966
34.394
41.257
25.371
63.324
46.898
24.554
27.326
42.042
69.285
13.455
9.6003
37.346
40.361
25.355
30.071
25.668
64.081
23.223
29.811
29.557
46.708
31.441
64.678
22.853
15.933
55.693
23.055
10.451
33.577
20.739
6.4343
25.044
64.722
21.558
36.811
31.974
39.232
23.149
40.393
18.135
25.914
20.099
48.437
21.3
14.579
23.401
53.232
23.303
29.677
42.166
36.999
21.503
36.967
40.846
8.0376
50.42
35.829
19.575
52.675
9.7493
42.19
29.232
21.509
38.58
24.616
24.09
67.382
34.282
49.241
18.793
22.91
24.984
53.226
29.991
49.465
9.6404
39.805
41.55
35.114
20.271
18.042
23.298
31.796
60.188
58.388
27.477
9.0085
29.455
18.927
14.397
37.097
30.321
24.809
32.123
25.187
37.04
25.258
27.819
73.336
30.948
28.108
7.0761
36.382
26.825
33.659
54.659
41.218
23.287
10.898
31.209
38.982
30.046
42.089
31.327
38.392
35.714
35.898
40.289
27.113
9.0371
29.624
31.269
29.699
39.496
33.683
18.561
18.809
23.588
57.332
27.735
42.3
31.267
36.065
24.261
62.018
26.127
28.356
27.048
55.814
12.032
49.522
22.285
49.186
30.254
16.664
13.392
11.158
43.403
42.101
44.117
21.986
41.092
36.458
46.878
43.917
8.7654
25.716
35.15
9.9912
23.499
74.825
28.943
40.114
39.73
23.389
46.434
33.873
16.365
37.517
28.942
17.804
17.234
49.797
55.413
33.321
12.165
34.832
50.148
29.326
33.933
23.911
27.216
38.277
21.523
24.132
35.436
28.59
20.334
34.757
37.791
39.794
13.561
18.175
37.699
40.774
26.528
31.644
27.356
31.912
34.941
27.144
37.221
40.141
25.632
26.582
21.155
39.821
14.624
55.018
20.288
8.5093
16.986
57.534
26.783
47.235
17.895
51.119
38.793
32.646
25.216
46.183
18.657
16.616
12.959
79.532
17.503
26.498
42.31
21.147
45.768
23.632
48.423
60.448
35.858
21.015
36.835
33.182
43.103
37.244
19.24
28.363
32.306
69.203
30.145
49.006
14.596
45.612
19.368
22.68
26.819
31.19
64.035
38.871
59.726
29.785
26.284
63.809
29.302
37.691
30.559
40.766
30.893
41.18
46.712
33.37
29.822
26.348
26.986
25.162
19.23
62.407
24.631
40.995
18.032
36.224
38.073
24.554
31.631
18.334
25.586
30.224
23.912
19.179
26.488
25.822
11.209
50.928
10.845
37.667
21.05
25.956
30.996
31.881
24.975
8.2694
41.824
40.317
26.205
71.887
30.97
10.75
28.022
24.098
25.529
34.115
20.707
18.206
35.032
64.075
33.445
24.127
25.597
25.381
24.035
30.576
17.914
30.985
26.562
27.112
25.485
23.645
43.938
28.666
40.495
72.25
40.271
45.612
26.575
50.512
25.414
33.926
32.798
23.042
15.619
31.473
20.202
22.27
39.957
48.202
44.878
29.9
29.733
30.392
48.784
45.913
32.56
52.838
23.208
68.097
40.386
46.799
23.398
33.154
30.127
19.183
29.56
29.112
31.685
18.412
31.47
25.918
44.821
46.329
8.7032
37.909
35.015
38.334
23.585
23.218
22.684
30.958
30.869
31.714
19.988
14.049
32.704
23.514
19.74
47.358
68.406
13.229
8.864
50.958
38.75
24.292
30.406
27.099
22.481
53.008
28.022
19.179
12.001
21.833
19.955
7.8873
32.837
35.286
50.41
31.664
9.8364
38.981
40.86
38.004
30.203
34.813
10.035
68.096
67.655
31.463
41.346
28.198
43.491
28.381
29.109
37.053
20.4
20.313
15.4
33.831
42.581
41.623
36.015
23.178
31.131
9.5991
22.764
37.988
52.947
45.937
20.83
30.128
28.118
54.472
26.666
21.802
25.56
36.425
40.414
36.327
9.7122
15.695
30.429
6.0052
41.204
30.574
30.621
22.187
46.876
24.249
48.886
52.173
45.604
41.612
27.381
41.553
35.177
51.972
23.939
26.245
21.559
65.462
9.7571
28.417
32.095
17.484
11.029
10.271
28.052
20.96
26.118
36.028
26.76
21.106
28.913
47.56
18.784
34.196
22.396
34.934
18.449
45.743
21.637
42.357
20.06
39.233
32.539
40.305
21.1
27.644
28.285
42.61
22.684
40.037
44.178
15.451
18.238
29.107
17.315
23.596
16.573
29.752
37.459
24.868
9.0677
36.366
32.274
6.8502
36.637
32.25
32.45
30.525
31.441
14.259
29.065
41.666
16.75
23.47
23.43
71.308
37.163
51.151
20.021
47.239
11.809
36.93
33.822
22.737
27.117
21.363
31.345
20.282
8.8146
44.265
11.538
59.981
24.146
73.371
33.456
15.306
26.661
64.878
28.078
13.701
22.667
17.51
30.892
53.739
33.605
28.914
19.62
40.891
30.771
35.346
46.852
19.992
32.633
33.553
45.005
13.273
35.333
28.594
34.626
37.916
28.533
51.373
43.472
60.885
33.887
53.866
27.756
39.744
41.318
40.388
8.821
36.923
22.946
31.137
35.471
21.966
9.5408
26.565
20.923
42.204
21.89
56.921
35.297
31.097
37.614
24.757
41.098
21.664
63.124
16.088
19.648
27.178
25.924
46.56
21.618
26.592
50.836
18.426
27.674
11.065
41.44
36.361
48.121
30.686
23.295
36.615
32.821
28.86
53.087
25.013
40.926
32.542
39.595
43.028
43.002
42.511
52.863
13.964
16.806
23.374
46.251
51.187
49.247
14.607
25.567
8.3139
28.862
32.828
35.724
41.972
26.285
37.744
32.033
44.971
21.601
9.5177
50.858
72.04
33.476
31.666
44.931
38.639
38.326
39.994
27.791
25.237
33.103
17.877
40.356
41.9
28.058
40.827
41.729
17.609
49.009
41.843
19.628
25.394
34.201
20.395
15.155
19.124
47.738
16.03
24.599
28.703
30.846
42.021
34.586
20.342
35.542
33.585
26.323
44.902
54.929
31.411
45.92
31.327
28.552
34.316
28.935
23.404
36.935
10.37
33.705
34.327
47.366
29.34
47.19
24.61
26.7
26.605
21.857
35.479
25.695
38.317
11.03
39.979
19.721
20.716
22.145
21.12
37.438
39.684
29.273
43.86
33.293
25.603
39.264
23.924
48.537
49.356
40.269
26.038
20.096
12.78
28.714
48.312
31.642
12.86
32.633
29.951
23.048
18.191
22.273
25.469
30.199
28.064
16.001
34.264
34.006
12.995
32.772
24.371
50.669
63.673
31.621
14.469
32.96
35.266
32.841
37.88
33.039
38.08
34.039
47.49
30.424
36.71
24.454
46.753
24.635
34.019
24.597
64.596
42.107
20.511
24.706
58.891
29.485
50.448
45.383
28.416
42.291
61.57
47.11
32.794
36.691
44.979
45.23
46.315
46.693
42.404
33.977
11.956
41.202
22.725
15.781
31.115
29.429
23.187
48.323
44.64
29.039
40.301
25.438
34.406
20.386
38.479
18.375
26.308
46.876
48.147
31.498
31.389
45.475
15.42
31.339
37.526
15.43
24.4
54.529
9.6271
64.211
30.97
19.233
7.6141
42.418
45.665
45.468
36.217
48.516
39.06
36.543
52.258
40.699
20.135
46.244
20.007
71.014
26.49
25.412
31.693
65.992
39.762
14.76
25.937
56.552
21.329
43.058
27.487
49.142
29.905
35.552
31.5
53.615
39.281
31.01
28.272
58.274
37.073
30.534
35.913
62.648
23.137
28.353
44.553
36.326
26.998
62.337
33.958
52.466
22.83
35.725
51.876
72.644
31.149
54.148
25.639
52.523
70.806
36.707
57.926
58.106
12.073
54.212
23.633
23.18
36.297
34.835
55.373
42.667
38.455
34.486
18.186
24.706
31.013
54.228
8.2231
76.14
9.1946
17.54
27.973
68.007
45.622
31.537
30.177
57.691
42.794
13.445
18.333
59.1
47.134
80.465
39.277
27.812
50.639
43.528
73.348
33.609
43.577
44.677
40.284
40.849
19.613
47.532
11.704
54.659
28.512
8.7745
44.455
16.17
42.338
16.592
46.143
29.106
35.763
52.286
25.989
19.158
41.162
66.041
29.044
35.756
35.745
29.48
41.683
18.675
37.927
19.035
34.694
30.774
35.579
46.94
32.461
28.626
22.29
55.31
28.905
14.28
27.648
7.6416
26.684
27.111
28.044
50.688
58.641
73.185
25.543
39.642
41.178
42.452
37.622
69.245
40.951
50.493
32.557
29.928
80.081
32.976
16.433
8.8447
17.975
41.137
7.5435
39.931
28.47
49.611
44.59
51.806
47.711
76.015
46.763
57.829
35.27
50.102
47.703
58.537
35.097
48.399
16.648
58.484
23.399
25.126
64.142
44.561
26.1
68.871
24.112
64.331
44.992
30.786
42.406
30.756
34.781
32.379
35.073
51.602
41.901
49.398
9.691
60.551
25.044
33.735
20.998
40.919
16.335
34.589
17.778
37.105
38.903
44.67
28.199
47.383
31.462
57.234
42.181
31.085
57.307
9.9071
26.503
10.788
37.785
58.529
26.796
58.407
39.288
44.66
38.289
57.137
23.256
11.507
42.667
27.351
21.855
47.098
34.85
15.292
8.0738
30.396
41.544
22.254
43.242
42.617
24.373
55.74
25.492
49.789
15.377
46.969
58.537
10.867
28.287
48.334
25.855
17.717
60.804
68.476
25.443
60.735
12.897
59.439
29.601
8.4032
33.113
47.924
44.019
36.227
33.841
22.965
45.471
32.227
66.889
26.677
8.9237
15.096
58.804
25.878
37.098
20.153
15.952
57.095
29.423
35.339
45.837
38.55
36.427
28.032
30.098
22.145
44.477
14.302
20.304
29.516
43.886
20.029
29.733
57.777
19.271
12.004
37.904
36.36
52.104
35.503
33.906
21.671
22.646
31.114
60.56
19.543
32.635
15.978
18.413
25.282
34.186
27.544
36.162
24.615
27.372
23.415
40.977
22.543
42.602
24.195
12.37
46.835
43.937
35.401
13.263
12.533
14.052
35.91
40.484
20.466
7.6531
19.757
29.492
38.783
36.868
29.958
44.154
41.022
28.844
29.644
10.319
11.268
60.445
26.559
8.8967
32.637
33.071
32.579
51.383
16.387
30.899
37.366
37.926
8.4417
22.889
26.355
21.617
37.891
10.487
46.908
28.53
28.226
26.56
24.345
45.275
39.131
22.418
12.918
38.706
25.755
33.609
34.917
34.331
23.382
48.065
42.687
50.471
29.865
35.311
21.92
48.822
19.841
27.381
21.764
17.561
46.551
10.325
37.623
53.56
29.716
41.676
32.77
39.24
49.695
24.191
23.14
18.322
65.671
41.304
32.305
25.113
16.528
27.539
23.6
32.223
47.295
29.297
20.744
28.347
23.682
27.523
34.263
26.741
55.17
40.282
39.529
26.835
68.231
28.424
11.947
25.491
64.746
14.571
55.745
31.835
29.452
30.252
28.96
27.122
33.533
35.53
39.372
31.345
32.4
28.617
19.052
36.545
57.943
64.76
19.81
52.61
52.868
32.595
45.507
32.216
33.076
52.429
26.449
31.976
52.265
14.648
25.298
43.13
50.562
26.919
13.418
52.323
44.678
34.41
39.914
8.9341
41.129
29.553
50.673
38.527
37.537
25.544
26.813
38.448
22.258
48.336
30.379
32.938
37.741
41.199
26.005
27.161
36.499
52.085
19.674
27.045
28.245
44.887
10.17
38.415
24.766
26.631
55.191
34.998
29.125
55.275
53.333
29.47
20.184
11.59
14.775
8.8281
32.25
33.657
43.91
28.202
31.711
62.147
33.704
33.883
22.818
47.163
35.817
30.454
24.396
33.002
51.244
8.5585
59.287
46.353
20.341
29.233
45.62
48.564
40.997
37.368
37.742
35.64
39.269
43.513
25.67
18.577
41.17
29.472
51.502
31.509
27.595
27.824
34.951
22.225
45.494
26.431
10.544
43.409
23.68
48.537
23.278
28.549
9.5817
37.591
37.752
24.829
20.829
31.435
51.721
44.513
35.739
15.784
56.563
42.02
41.111
61.205
16.374
7.4109
42.351
32.526
35.043
34.864
18.537
26.279
17.204
13.551
35.881
19.67
43.623
22.546
45.652
34.996
25.593
21.172
49.711
21.485
50.137
50.337
26.036
17.278
52.14
6.7781
35.135
25.654
32.244
20.45
9.7139
27.394
57.764
30.99
46.431
21.094
31.903
7.6541
33.257
39.445
41.738
23.847
33.555
28.598
21.791
18.137
26.251
33.763
41.104
37.934
44.178
33.273
21.672
35.305
56.446
25.007
34.278
27.077
33.284
10.735
86.979
27.071
65.628
9.8914
46.623
28.304
38.808
42.117
46.733
65.634
32.77
17.224
57.853
42.192
38.326
36.636
73.314
24.271
31.372
60.483
54.415
39.469
70.206
20.282
48.646
33.075
37.606
16.708
37.13
35.402
25.18
24.874
49.73
8.6258
34.075
74.858
73.709
38.745
28.471
25.668
80.787
24.194
49.008
38.476
47.988
50.39
47.566
38.953
46.528
27.247
47.509
33.221
50.113
12.901
58.773
28.044
55.439
30.093
42.709
13.404
14.227
34.395
67.356
70.637
58.012
21.036
32.666
39.145
45.652
38.649
48.466
26.031
24.84
50.909
58.753
30.499
15.49
13.572
69.166
48.247
69.035
63.583
52.303
28.253
39.912
8.2722
37.834
30.997
43.16
11.427
19.618
27.75
58.496
35.253
30.506
56.278
35.161
9.2594
65.012
63.812
38.801
49.745
30.021
24.287
41.675
22.734
32.207
23.222
42.267
19.422
26.156
58.372
63.315
35.249
48.921
23.764
32.473
32.755
31.08
25.704
58.852
9.1436
17.126
33.387
25.367
10.241
24.826
26.815
26.229
46.305
43.925
61.104
33.709
92.92
47.001
12.862
10.265
32.694
49.835
22.265
63.015
46.079
19.794
31.121
41.855
45.546
71.612
20.721
34.073
6.9482
32.946
19.967
30.043
50.037
38.674
34.211
42.739
11.717
59.685
60.165
60.835
47.43
22.37
37.598
63.304
35.326
58.283
29.232
39.421
50.246
35.147
46.059
15.795
22.972
46.774
54.503
35.481
19.884
49.627
48.894
11.603
27.294
65.367
22.366
33.486
53.896
54.46
26.094
37.748
26.833
42.691
28.006
64.002
37.01
37.339
8.08
29.541
30.915
31.976
11.424
62.634
37.045
25.922
37.742
27.059
40.943
53.146
13.406
48.89
52.778
56.057
9.8547
30.911
60.121
38.707
60.06
44.353
43.664
30.442
30.674
27.438
54.554
61.536
66.949
18.704
33.971
14.945
63.314
62.92
53.758
44.144
35.972
52.122
29.249
63.293
58.219
18.895
41.118
44.054
27.411
37.558
37.015
46.634
26.756
29.598
27.723
20.997
47.091
41.554
59.633
56.51
23.424
10.945
27.606
55.943
22.276
37.221
24.858
50.441
29.722
27.179
59.53
42.861
56.324
24.616
23.552
35.672
41.468
38.307
24.77
55.727
31.679
9.1398
26.207
44.59
33.513
46.283
36.327
47.002
27.538
36.89
38.994
23.672
30.281
29.645
8.2655
37.862
30.607
17.738
38.261
34.319
60.271
19.74
59.857
29.974
55.743
45.315
34.979
22.784
57.822
32.077
76.336
50.175
53.5
26.215
23.711
30.411
8.7512
34.354
38.163
58.685
53.919
27.029
29.129
25.548
35.761
36.836
31.344
41.073
27.51
29.852
36.301
23.074
21.781
29.261
10.922
25.86
34.962
7.5736
56.512
20.786
40.095
33.218
17.563
42.781
51.489
32.417
20.106
30.376
45.015
33.24
34.631
30.27
24.61
27.161
15.185
26.186
22.136
16.532
21.668
23.349
21.558
22.52
8.0226
27.93
27.291
43.275
37.094
9.2932
56.755
37.654
22.908
9.674
24.1
29.078
33.576
28.973
30.061
39.083
27.868
12.694
27.979
49.716
64.763
23.535
18.736
24.271
73.982
52.963
21.546
52.509
28
29.608
8.9721
31.887
61.198
10.392
29.38
39.584
36.646
51.232
32.809
16.705
27.569
19.846
49.662
23.244
26.772
17.61
33.117
29.306
35.143
56.589
43.45
32.07
32.84
38.346
23.829
19.431
45.498
39.141
39.416
33.506
22.473
32.421
32.514
46.866
33.833
32.683
43.1
14.321
25.871
28.474
22.872
31.585
40.062
29.262
24.402
28.852
37.302
32.102
33.413
48.53
57.961
30.751
32.628
38.525
33.273
13.383
41.191
30.376
43.676
35.187
35.687
41.696
35.729
22.366
30.82
66.178
22.872
9.3408
42.579
52.926
25.134
24.432
25.926
43.63
21.082
30.523
47.367
24.977
26.565
35.145
8.063
72.318
36.429
11.799
33.133
42.455
27.356
39.103
42.528
27.5
42.233
41.022
48.897
43.257
32.917
22.754
57.537
37.834
29.285
65.119
21.486
7.7979
38.72
42.37
34.525
31.541
57.705
20.398
31.989
37.627
59.03
25.995
46.921
28.227
30.846
38.439
59.465
20.353
56.642
29.937
23.09
23.305
64.078
19.176
42.642
69.366
23.039
7.4364
37.075
19.978
26.449
28.274
57.283
64.469
8.7919
18.467
37.555
24.593
28.235
38.868
22.333
47.629
62.277
50.054
25.702
34.388
41.587
37.318
13.339
8.7796
26.386
9.5995
33.599
9.046
35.449
27.718
7.0459
38.33
42.764
23.853
31.305
48.081
28.747
18.275
77.655
21.225
21.103
70.867
33.665
67.388
27.556
19.358
38.171
36.75
31.515
7.2864
19.476
10.404
51.18
26.905
70.64
12.533
62.321
29.654
37.53
41.686
17.464
29.33
28.011
25.643
29.34
36.277
33.369
18.591
18.449
33.818
36.202
38.239
38.222
56.813
36.101
59.756
32.864
8.0009
35.052
17.041
42.484
14.631
46.912
9.8401
51.758
58.576
34.476
31.17
29.372
22.82
32.88
38.876
36.3
50.535
52.234
35.332
54.185
17.332
26.617
17.873
69.938
19.65
45.521
32.755
24.921
39.208
26.08
13.739
25.14
30.34
10.346
26.763
37.231
24.706
33.99
18.191
38.576
27.993
26.309
29.912
34.927
42.926
41.909
10.572
23.452
36.183
32.154
22.07
61.504
28.211
26.224
43.429
30.222
25.87
44.729
17.078
32.857
31.669
47.773
33.048
21.011
9.0312
21.971
44.702
6.7889
28.763
14.741
30.146
8.5788
41.769
29.718
23.889
14.594
20.005
49.524
39.527
60.868
25.363
24.277
9.0008
15.893
33.185
47.245
30.507
26.554
26.337
25.916
25.667
17.156
54.084
15.742
13.271
32.807
34.518
9.3867
36.327
44.988
30.938
32.831
24.16
73.379
15.808
46.343
22.258
35.206
45.07
33.597
23.655
28.142
43.424
53.611
33.686
55.092
29.504
39.649
22.724
56.65
29.933
26.317
8.7648
27.263
39.145
19.826
36.532
47.041
24.812
54.562
37.525
26.119
40.27
60.687
8.9574
57.952
9.881
40.405
40.828
31.542
40.095
44.447
10.377
34.88
41.039
24.026
26.432
34.709
28.912
18.297
24.469
27.077
34.709
41.657
30.398
43.975
60.963
62.655
50.679
23.445
10.469
22.697
25.615
63.426
41.165
54.469
45.592
23.699
35.46
47.635
43.788
53.986
35.313
46.229
27.877
24.147
29.948
16.832
24.546
59.569
27.777
21.662
17.297
39.004
21.223
17.355
25.702
34.152
7.7976
43.766
24.025
32.706
46.864
33.711
24.677
31.277
19.568
28.337
27.317
24.81
27.954
9.677
19.909
44.25
19.507
41.418
24.122
32.747
22.749
45.533
40.225
44.15
12.251
53.792
26.839
27.774
19.695
37.869
43.593
46.194
28.914
15.438
32.21
31.259
16.847
8.2753
22.682
30.651
19.01
28.223
35.384
28.03
52.943
38.394
21.585
21.181
32.708
20.373
9.2691
52.455
36.22
24.412
21.746
29.275
20.221
48.805
25.178
19.096
31.348
9.6405
34.463
53.868
52.003
9.8057
26.751
32.647
26.245
67.84
60.028
11.749
16.489
43.085
54.808
35.373
58.975
42.669
61.876
60.533
52.027
38.761
34.584
68.351
24.052
6.1254
62.526
32.72
8.9544
25.282
66.748
46.343
32.708
23.105
35.687
42.743
26.524
28.467
30.867
26.609
35.349
29.82
56.518
27.428
13.371
13.399
57.815
35.456
35.552
56.518
35.154
37.653
33.316
43.223
37.879
45.885
35.656
44.722
54.64
60.632
26.398
57.044
27.891
11.901
20.193
32.398
30.073
12.032
51.983
19.694
31.881
27.702
38.189
40.101
37.622
23.886
46.116
44.13
15.357
37.299
28.582
71.134
37.632
37.421
51.892
22.271
29.365
38.018
33.292
31.369
56.151
30.393
44.694
42.666
32.161
17.673
41.997
28.932
36.327
62.85
37.281
33.818
30.645
53.621
28.121
45.537
8.0073
31.494
28.893
47.253
29.656
48.62
11.561
38.155
41.194
60.801
54.155
8.0866
42.347
36.181
19.339
61.519
50.725
65.693
52.586
28.438
32.884
48.016
9.4612
35.602
28.316
31.467
41.89
21.081
29.864
48.532
11.235
35.851
22.284
49.944
46.753
50.896
26.928
12.005
35.872
19.57
52.585
22.479
49.408
43.793
35.765
28.738
64.08
75.753
53.697
40.732
41.292
23.778
38.453
27.598
22.429
24.179
33.676
39.787
51.587
49.113
13.647
25.326
51.39
54.57
9.6063
52.76
52.115
31.038
26.973
26.527
26.739
20.159
29.736
36.304
24.157
77.248
29.16
15.809
42.311
38.115
46.673
12.474
41.939
60.044
52.592
54.333
52.705
8.8601
44.173
19.774
44.875
38.034
79.255
40.37
18.578
40.066
60.368
54.345
56.999
12.08
35.683
43.799
51.095
33.7
73.223
16.133
43.566
32.946
40.108
47.94
31.878
21.165
76.706
36.947
20.511
53.898
47.346
33.12
46.464
22.718
33.454
27.675
44.344
30.359
76.229
45.003
25.396
42.307
54.833
25.699
76.661
75.248
12.553
24.162
49.346
33.657
34.166
32.579
52.024
42.059
68.316
24.163
32.768
33.142
38.366
51.09
42.236
10.167
25.96
37.512
37.53
71.722
19.401
35.193
25.645
25.133
24.217
21.61
21.857
51.122
32.9
37.307
30.527
26.373
38.124
34.593
40.873
32.479
23.992
14.744
15.016
30.73
49.732
30.039
32.598
23.026
57.376
11.445
21.054
46.852
29.374
52.98
41.34
31.872
30.931
22.075
8.4178
26.951
55.414
17.357
46.758
14.914
23.683
35.12
37.973
33.909
50.26
10.99
26.909
47.138
34.234
32.523
36.772
36.271
29.379
29.654
11.907
51.819
37.878
25.049
27.989
34.9
35.192
14.257
25.658
54.601
10.05
30.423
30.105
53.964
48.505
45.594
8.0248
12.117
34.453
8.1627
32.938
36.393
30.592
9.0035
31.514
42.378
46.978
29.285
47.374
16.84
46.599
28.404
35.486
31.088
35.457
36.143
48.932
27.776
37.446
38.115
40.504
42.608
23.622
34.795
10.523
34.467
49.54
29.408
43.216
24.791
49.079
50.699
28.94
50.277
11.012
29.119
28.246
23.136
25.897
54.1
44.635
48.742
35.962
51.332
37.852
45.859
33.186
50.478
28.261
38.151
27.054
31.612
52.504
47.686
30.615
8.5437
36.076
19.212
44.334
9.3104
39.836
26.681
32.631
51.516
30.079
21.108
41.492
35.339
90.532
53.049
52.228
27.629
53.052
29.889
9.5724
45.226
75.82
24.562
8.3587
51.339
91.845
25.101
24.407
29.41
48.827
28.7
7.8563
31.214
57.394
19.122
36.018
66.58
21.037
31.778
29.155
40.462
48.543
18.062
74.237
31.674
40.508
42.313
57.634
35.817
40.105
21.737
70.114
38.002
54.037
22.602
49.208
35.967
27.52
34.894
63.151
10.21
7.601
43.898
45.55
42.683
36.568
35.12
22.985
41.448
41.608
33.265
42.185
18.899
15.913
29.825
67.029
63.446
18.814
24.597
54.746
20.377
7.0972
34.767
43.999
20.396
48.629
34.176
30.218
23.283
29.115
38.68
45.221
33.969
28.718
18.916
56.435
26.354
21.954
40.43
56.489
19.429
11.821
39.272
51.212
55.775
35.432
37.942
40.45
33.581
31.598
26.704
43.304
23.234
30.394
27.595
51.909
48.477
24.391
27.553
19.917
66.097
19.275
8.1442
31.768
26.952
53.439
23.117
30.802
27.975
7.3332
30.88
34.229
40.481
30.381
22.203
45.609
48.962
29.801
39.238
32.589
48.81
7.344
23.828
19.357
59.751
51.975
59.623
30.437
57.619
57.848
39.831
18.662
39.449
18.739
23.784
28.547
45.355
16.789
36.059
17.708
61.468
16.351
48.502
8.3756
28.475
31.474
37.834
37.515
9.1693
17.326
23.916
33.097
27.005
53.547
26.384
22.699
65.813
39.986
40.905
40.873
26.219
41.278
9.9673
52.715
46.836
28.377
37.137
44.453
57.347
54.146
47.506
51.552
27.371
31.472
40.257
32.958
37.69
27.638
31.93
45.026
35.901
9.9515
39.813
53.248
17.868
32.752
58.354
60.35
23.149
31.957
9.2815
18.327
28.453
36.248
23.244
21.616
57.943
37.328
51.666
21.68
40.31
7.5575
21.315
35.957
31.065
26.33
36.277
25.563
8.7172
8.8
46.146
35.365
10.71
8.163
32.966
30.276
9.5274
30.604
51.008
35.99
48.593
31.994
35.17
30.006
32.837
25.096
24.642
36.747
68.789
52.309
18.328
58.106
34.642
29.859
29.378
40.301
7.4145
28.503
35.655
16.2
54.198
37.066
71.998
63.675
16.683
39.763
21.743
26.333
8.1444
28.634
32.971
27.77
24.747
22.119
49.185
22.71
20.827
30.429
69.314
34.684
16.282
28.389
40.1
25.776
44.574
38.1
9.7401
25.691
24.615
37.429
38.706
45.496
62.435
38.973
23.034
19.485
31.223
54.344
28.767
8.7191
34.372
8.7879
34.139
37.597
30.492
34.747
34.798
9.4838
31.207
49.499
45.883
65.979
56.116
7.0016
22.014
34.982
30.446
33.513
43.056
19.63
60.819
35.48
48.447
35.312
17.931
15.568
